   1959	2.45	1.46	2.04	1.03	0.84	
   1960	2.57	1.45	1.51	1.00	1.51	
   1961	2.58	1.52	1.66	0.92	1.52	
   1962	2.69	1.51	1.19	0.92	2.09	
   1963	2.83	1.51	1.21	1.07	2.06	
   1964	3.00	1.50	1.04	1.34	2.12	
   1965	3.13	1.54	2.34	1.49	0.84	
   1966	3.29	1.54	2.34	1.47	1.02	
   1967	3.39	1.58	1.30	1.26	2.41	
   1968	3.57	1.54	2.10	1.23	1.78	
   1969	3.78	1.54	2.80	1.31	1.21	
   1970	4.05	1.53	2.40	1.24	1.94	
   1971	4.21	1.40	1.55	1.36	2.70	
   1972	4.38	1.32	3.12	1.60	0.98	
   1973	4.61	1.31	3.10	1.55	1.27
   1974	4.62	1.29	1.44	1.45	3.02
   1975	4.60	1.30	2.61	1.58	1.71
   1976	4.86	1.32	2.06	1.60	2.52
   1977	5.03	1.35	4.08	1.70	0.60
   1978	5.09	1.30	2.74	1.72	1.93
   1979	5.37	1.25	4.54	1.41	0.67
   1980	5.32	1.25	3.65	1.85	1.07
   1981	5.15	1.26	2.44	1.82	2.15
   1982	5.11	1.26	2.12	1.87	2.38
   1983	5.10	1.44	3.86	2.09	0.59
   1984	5.28	1.47	2.65	1.96	2.14
   1985	5.44	1.50	3.48	1.91	1.55
   1986	5.61	1.54	2.19	1.94	3.02
   1987	5.75	1.52	5.75	1.93	-0.41
   1988	5.97	1.52	4.76	1.93	0.80
   1989	6.10	1.54	2.87	1.86	2.91					
   1990	6.14	1.45	2.48	2.03	3.08					
   1991	6.23	1.65	1.68	2.16	4.04					
   1992	6.16	1.69	1.42	2.40	4.03					
   1993	6.18	1.56	2.59	2.35	2.80					
   1994	6.29	1.52	3.59	2.22	2.00					
   1995	6.42	1.50	4.12	2.09	1.71					
   1996	6.54	1.48	2.27	2.07	3.68					
   1997	6.65	2.20	4.18	2.17	2.50					
   1998	6.64	1.58	6.03	2.34	-0.15					
   1999	6.61	1.25	2.84	2.18	2.84					
   2000	6.77	1.15	2.65	2.10	3.17					
   2001	6.93	0.95	3.84	1.96	2.08					
   2002	7.00	1.09	5.07	2.43	0.59					
   2003	7.42	0.92	4.76	2.38	1.20					
   2004	7.81	1.02	3.42	2.31	3.10					
   2005	8.11	1.11	5.14	2.43	1.65					
   2006	8.37	1.17	3.69	2.48	3.37					
   2007	8.57	1.04	4.46	2.56	2.59					
   2008	8.77	0.71	3.82	2.36	3.30					
   2009	8.74	0.70	3.55	2.55	3.34					
   2010	9.19	1.12	5.12	2.54	2.65					
   2011	9.47	0.91	3.59	2.69	4.10					
